3.30016e6
1.379454e6
1.339769e6
1.338038e6
1.324357e6
1.305768e6
1.284111e6
1.272641e6
1.220404e6
1.213835e6
1.186612e6
1.18603e6
1.145398e6
1.134858e6
1.1286e6
1.12043e6
1.100081e6
1.08784e6
1.065702e6
1.046911e6
1.046138e6
1.029897e6
1.009192e6
925314.0
914293.0
847325.0
842908.0
810869.0
809824.0
807307.0
795399.0
793127.0
786279.0
784260.0
774446.0
771206.0
766942.0
765377.0
765375.0
752490.0
746015.0
744420.0
744033.0
742057.0
739489.0
732859.0
728991.0
726514.0
723749.0
719993.0
717646.0
715134.0
712698.0
705879.0
699427.0
693779.0
692645.0
688265.0
684500.0
679090.0
675241.0
669985.0
668715.0
666341.0
666309.0
663812.0
662334.0
649968.0
649524.0
649412.0
646024.0
645974.0
645392.0
644533.0
640944.0
640645.0
633090.0
631291.0
631246.0
629767.0
622611.0
622389.0
622339.0
621569.0
619461.0
618841.0
617226.0
616540.0
614243.0
605834.0
604879.0
604438.0
597989.0
596043.0
594281.0
591870.0
591396.0
589668.0
588085.0
585404.0
583749.0
580720.0
577719.0
567870.0
565949.0
564003.0
559336.0
557341.0
555310.0
554384.0
552756.0
549903.0
543820.0
538266.0
538010.0
536811.0
536383.0
533122.0
527365.0
524039.0
520785.0
520687.0
520679.0
520636.0
516630.0
515808.0
514777.0
512228.0
509078.0
507924.0
506580.0
505547.0
503043.0
502633.0
501836.0
499149.0
496867.0
496152.0
493598.0
492995.0
491568.0
490318.0
489899.0
487785.0
487139.0
485723.0
482582.0
482516.0
477581.0
477570.0
477074.0
475554.0
473361.0
470424.0
466926.0
466689.0
463475.0
462133.0
460557.0
460510.0
459668.0
458180.0
456263.0
455527.0
455457.0
453605.0
452162.0
451425.0
450669.0
448730.0
447761.0
446891.0
445620.0
443604.0
441579.0
440247.0
439517.0
438747.0
435902.0
434688.0
433127.0
433049.0
431790.0
431738.0
430195.0
430023.0
427701.0
427590.0
427454.0
427347.0
424507.0
424502.0
422946.0
422268.0
421817.0
420871.0
420326.0
419248.0
417916.0
417894.0
416289.0
415555.0
413888.0
413638.0
412589.0
412431.0
412119.0
411992.0
411986.0
410258.0
409592.0
408565.0
407889.0
406993.0
406777.0
406145.0
404667.0
404503.0
404385.0
404087.0
403329.0
403293.0
402530.0
399752.0
399134.0
398345.0
398073.0
398038.0
397932.0
396011.0
395781.0
395667.0
395445.0
395108.0
394951.0
393135.0
391783.0
390579.0
390527.0
389817.0
389309.0
388778.0
388773.0
388748.0
387858.0
387760.0
386900.0
386744.0
385793.0
384954.0
383500.0
382963.0
382761.0
380914.0
380718.0
380199.0
379449.0
378967.0
378697.0
376333.0
375317.0
374506.0
374137.0
373263.0
372294.0
371837.0
370883.0
369572.0
369094.0
368953.0
368891.0
367201.0
366130.0
363809.0
363548.0
363357.0
361492.0
360829.0
360476.0
360222.0
358237.0
358202.0
357310.0
354489.0
352642.0
352098.0
351859.0
350106.0
349207.0
348970.0
348000.0
347709.0
346004.0
344138.0
343971.0
343646.0
343556.0
341635.0
339568.0
339251.0
338816.0
337813.0
335918.0
335833.0
335321.0
334141.0
333627.0
333586.0
329773.0
329460.0
327528.0
327400.0
324038.0
323460.0
323326.0
322180.0
322026.0
321596.0
319137.0
318018.0
317143.0
316757.0
314709.0
314294.0
313685.0
313480.0
313268.0
312644.0
312409.0
311389.0
311357.0
310779.0
308576.0
308404.0
308087.0
307897.0
306769.0
306294.0
306260.0
305769.0
303721.0
302576.0
302245.0
300470.0
300007.0
299906.0
299667.0
299527.0
296577.0
296173.0
296158.0
296013.0
295855.0
293772.0
292894.0
290195.0
289369.0
288785.0
288580.0
288427.0
288410.0
288027.0
287846.0
286230.0
286078.0
285838.0
284917.0
284339.0
283814.0
283498.0
283408.0
282693.0
281495.0
281349.0
280223.0
277733.0
277439.0
277373.0
277317.0
276046.0
275918.0
275788.0
275078.0
274217.0
272394.0
272116.0
270904.0
269627.0
269174.0
268639.0
268010.0
266686.0
266445.0
266149.0
265709.0
264802.0
264616.0
264252.0
263788.0
263710.0
263521.0
262929.0
262305.0
261539.0
260767.0
260414.0
260392.0
259214.0
259077.0
258747.0
258566.0
258404.0
258389.0
258356.0
257367.0
256943.0
256700.0
256675.0
255523.0
255188.0
254592.0
254291.0
253815.0
253618.0
253033.0
252853.0
252830.0
252653.0
252092.0
251663.0
251531.0
251008.0
250946.0
250935.0
250739.0
249999.0
249118.0
248327.0
248260.0
247602.0
247353.0
245443.0
245144.0
244854.0
243672.0
243470.0
242635.0
242280.0
242192.0
242100.0
241784.0
241702.0
241461.0
241440.0
240459.0
239419.0
238967.0
238206.0
236450.0
236135.0
235700.0
234524.0
234185.0
233489.0
233189.0
233136.0
232765.0
232634.0
232374.0
232334.0
232213.0
231569.0
231304.0
230246.0
229907.0
229789.0
229399.0
229362.0
229223.0
228735.0
228179.0
226626.0
226026.0
225997.0
225227.0
224935.0
223965.0
223950.0
223454.0
222858.0
222685.0
222233.0
222083.0
221706.0
221186.0
220657.0
220345.0
219691.0
219259.0
218325.0
217647.0
217360.0
216674.0
215615.0
215612.0
215497.0
215469.0
215446.0
215407.0
214831.0
214526.0
214277.0
214221.0
213641.0
212817.0
212651.0
211035.0
210967.0
210885.0
210516.0
210096.0
209668.0
207704.0
206881.0
206291.0
206121.0
205855.0
205824.0
205453.0
203620.0
203584.0
203195.0
203178.0
202854.0
202743.0
202740.0
202472.0
201191.0
200995.0
200845.0
200699.0
200543.0
199952.0
199896.0
199891.0
199869.0
199307.0
198862.0
198293.0
198273.0
198236.0
198092.0
196494.0
196411.0
196190.0
196088.0
195774.0
195609.0
195525.0
195235.0
195076.0
194409.0
193426.0
192535.0
192381.0
191480.0
191260.0
190992.0
190483.0
189911.0
189685.0
188456.0
188193.0
187890.0
187713.0
187586.0
187158.0
187015.0
185279.0
184869.0
184370.0
184264.0
184198.0
183503.0
183496.0
183143.0
182840.0
182227.0
181967.0
181721.0
181662.0
181577.0
181321.0
180980.0
180269.0
179715.0
179289.0
179180.0
178651.0
178096.0
177660.0
177261.0
176939.0
176805.0
176050.0
175747.0
175601.0
175037.0
175035.0
174696.0
174428.0
173873.0
173594.0
173556.0
173494.0
173254.0
172664.0
172269.0
171677.0
170425.0
169842.0
169811.0
169482.0
168772.0
168096.0
167760.0
167215.0
166956.0
166825.0
166512.0
166247.0
165850.0
165806.0
165751.0
165239.0
164928.0
164824.0
164169.0
164095.0
163883.0
163560.0
163515.0
162792.0
162537.0
162466.0
162250.0
162061.0
162059.0
160828.0
160777.0
160423.0
160384.0
160133.0
159779.0
159419.0
159371.0
159000.0
158878.0
158742.0
158710.0
158468.0
157948.0
157780.0
157137.0
156470.0
156307.0
156015.0
155663.0
155457.0
155333.0
154943.0
154686.0
154282.0
154271.0
153763.0
153675.0
153502.0
153210.0
152754.0
152388.0
152273.0
150104.0
149985.0
149738.0
149079.0
148766.0
147884.0
147582.0
147212.0
146783.0
146087.0
146038.0
145632.0
145571.0
145549.0
145483.0
145390.0
145286.0
145090.0
144773.0
144579.0
144358.0
144008.0
143824.0
143805.0
143541.0
143220.0
143167.0
142991.0
142919.0
142665.0
142597.0
142372.0
142312.0
142260.0
141736.0
141384.0
141193.0
140592.0
140139.0
140065.0
139702.0
139692.0
139688.0
139343.0
139328.0
139327.0
139226.0
139170.0
138908.0
138869.0
138113.0
138044.0
137487.0
137326.0
137065.0
135626.0
135556.0
135188.0
135007.0
134841.0
134641.0
134234.0
134176.0
133882.0
133663.0
133631.0
133616.0
133385.0
133274.0
133238.0
132835.0
132533.0
132532.0
132452.0
132402.0
132105.0
131894.0
131674.0
131633.0
131066.0
131060.0
130974.0
130695.0
130653.0
130638.0
130579.0
130531.0
130507.0
130296.0
130288.0
130203.0
130150.0
130021.0
129928.0
129909.0
129759.0
129645.0
129443.0
129426.0
129390.0
129165.0
129123.0
129031.0
128631.0
128217.0
127742.0
127733.0
127659.0
127390.0
127345.0
127008.0
126830.0
126311.0
125573.0
125572.0
125468.0
125435.0
125122.0
124912.0
124868.0
124849.0
124726.0
124498.0
124328.0
123843.0
123797.0
123745.0
123712.0
123264.0
123092.0
122222.0
122096.0
121886.0
121835.0
121363.0
121273.0
121206.0
121061.0
120832.0
120681.0
120589.0
120401.0
120341.0
120219.0
120160.0
120080.0
120041.0
119647.0
119545.0
119493.0
118920.0
118600.0
117429.0
117307.0
117284.0
117270.0
116489.0
116488.0
115704.0
115701.0
115512.0
114959.0
114907.0
114746.0
114538.0
114405.0
114320.0
114273.0
114230.0
114200.0
114151.0
113952.0
113940.0
113892.0
113705.0
113656.0
113606.0
113590.0
113572.0
113536.0
113445.0
113433.0
113403.0
113373.0
113199.0
112905.0
112879.0
112849.0
112534.0
112084.0
112073.0
111702.0
111530.0
111523.0
111344.0
111173.0
111079.0
110889.0
110834.0
110516.0
110394.0
110310.0
110198.0
110020.0
109804.0
109568.0
109151.0
108980.0
108863.0
108727.0
108571.0
108438.0
108346.0
108179.0
108153.0
108059.0
108056.0
107733.0
107688.0
107677.0
106999.0
106843.0
106687.0
106466.0
106460.0
106425.0
106112.0
105986.0
105970.0
105714.0
105617.0
105423.0
105402.0
105393.0
105281.0
105175.0
104911.0
104631.0
104470.0
104433.0
104422.0
103962.0
103952.0
103757.0
103599.0
103567.0
103176.0
102914.0
102847.0
102639.0
102352.0
102214.0
102045.0
101866.0
101716.0
101166.0
101005.0
100915.0
100796.0
100329.0
100197.0
100051.0
99818.0
99578.0
99547.0
99547.0
99133.0
98865.0
98666.0
98479.0
98309.0
98022.0
98006.0
97907.0
97580.0
97542.0
97100.0
96638.0
96492.0
96453.0
96431.0
96092.0
96081.0
96020.0
95869.0
95827.0
95587.0
95520.0
95507.0
95466.0
95366.0
95276.0
95245.0
95245.0
95039.0
94915.0
94777.0
94487.0
94210.0
93690.0
93156.0
92666.0
92630.0
92598.0
92486.0
92346.0
92132.0
91741.0
91404.0
91121.0
90926.0
90922.0
90762.0
90740.0
90134.0
89786.0
89452.0
89414.0
89109.0
88724.0
88460.0
88272.0
88179.0
87839.0
87744.0
87642.0
87466.0
87212.0
87130.0
86841.0
86690.0
86562.0
86552.0
86525.0
86275.0
85929.0
85774.0
85657.0
85642.0
85360.0
85251.0
85180.0
84964.0
84913.0
84892.0
84661.0
84607.0
84374.0
84374.0
84317.0
84087.0
83731.0
83710.0
83446.0
83419.0
83337.0
83288.0
82998.0
82796.0
82587.0
82331.0
82265.0
82165.0
82158.0
82127.0
81982.0
81871.0
81823.0
81819.0
81800.0
81417.0
81123.0
80932.0
80880.0
80749.0
80691.0
80689.0
80681.0
80570.0
80551.0
80487.0
80442.0
80412.0
80313.0
80187.0
80178.0
80150.0
80138.0
80056.0
79944.0
79930.0
79903.0
79629.0
79513.0
79428.0
79128.0
78571.0
78027.0
78026.0
78017.0
77807.0
77768.0
77685.0
77431.0
77406.0
77304.0
77082.0
77001.0
76954.0
76697.0
76681.0
76553.0
76458.0
76439.0
76247.0
76128.0
75926.0
75882.0
75782.0
75735.0
75606.0
75542.0
75479.0
75449.0
75446.0
75415.0
75373.0
75316.0
75125.0
75083.0
75063.0
74705.0
74679.0
74406.0
74274.0
74204.0
74105.0
74006.0
73978.0
73927.0
73867.0
73707.0
73127.0
72972.0
72937.0
72914.0
72832.0
72722.0
72538.0
72257.0
72239.0
72029.0
71966.0
71963.0
71798.0
71658.0
71583.0
71466.0
71394.0
71334.0
71025.0
70943.0
70858.0
70678.0
70619.0
70326.0
70253.0
70249.0
70145.0
69929.0
69926.0
69825.0
69813.0
69800.0
69579.0
69096.0
69062.0
68722.0
68690.0
68592.0
68542.0
68504.0
68418.0
68378.0
68203.0
68079.0
68060.0
68053.0
67855.0
67667.0
67644.0
67618.0
67411.0
67351.0
67330.0
67234.0
67172.0
67151.0
67058.0
66995.0
66825.0
66779.0
66772.0
66633.0
66546.0
66507.0
66131.0
66110.0
66086.0
65993.0
65962.0
65959.0
65907.0
65708.0
65694.0
65619.0
65501.0
65441.0
65438.0
65433.0
65419.0
65277.0
65033.0
65027.0
64975.0
64888.0
64733.0
64719.0
64502.0
64458.0
64321.0
64258.0
64206.0
64158.0
64099.0
63618.0
63392.0
63303.0
63263.0
63219.0
63213.0
63210.0
63187.0
63186.0
63184.0
63105.0
62948.0
62941.0
62929.0
62733.0
62724.0
62477.0
62391.0
62361.0
62229.0
62119.0
62071.0
62062.0
62022.0
62018.0
61994.0
61831.0
61770.0
61753.0
61628.0
61602.0
61584.0
61407.0
61359.0
61164.0
60943.0
60908.0
60704.0
60592.0
60210.0
60122.0
59982.0
59978.0
59922.0
59882.0
59828.0
59610.0
59604.0
59458.0
59401.0
59324.0
59210.0
59145.0
59076.0
58578.0
58416.0
58393.0
58383.0
58344.0
58294.0
58276.0
58218.0
57974.0
57838.0
57776.0
57756.0
57718.0
57671.0
57526.0
57332.0
57257.0
57222.0
57113.0
56936.0
56933.0
56616.0
56392.0
56286.0
56115.0
55939.0
55636.0
55544.0
55297.0
55152.0
55107.0
54888.0
54845.0
54747.0
54647.0
54643.0
54443.0
54308.0
54190.0
54039.0
53961.0
53924.0
53757.0
53500.0
53477.0
53466.0
53273.0
53243.0
53007.0
52890.0
52848.0
52784.0
52713.0
52602.0
52595.0
52446.0
52378.0
52338.0
52086.0
52064.0
52031.0
51923.0
51706.0
51696.0
51632.0
51545.0
51463.0
51432.0
51324.0
51221.0
51207.0
51019.0
51007.0
50995.0
50984.0
50747.0
50651.0
50609.0
50606.0
50566.0
50469.0
50404.0
50253.0
50209.0
50059.0
50042.0
50010.0
49948.0
49873.0
49865.0
49850.0
49805.0
49767.0
49678.0
49537.0
49235.0
49226.0
49197.0
49119.0
49075.0
48974.0
48799.0
48655.0
48481.0
48290.0
48252.0
48246.0
47651.0
47507.0
47469.0
47373.0
47108.0
47054.0
47032.0
46858.0
46813.0
46705.0
46695.0
46669.0
46609.0
46551.0
46179.0
45886.0
45828.0
45717.0
45709.0
45695.0
45512.0
45343.0
45327.0
45280.0
45202.0
45172.0
45132.0
45075.0
44993.0
44981.0
44950.0
44936.0
44795.0
44526.0
44497.0
44312.0
44182.0
44040.0
44029.0
43876.0
43829.0
43541.0
43423.0
43415.0
43289.0
43276.0
43177.0
43126.0
43102.0
43078.0
42978.0
42900.0
42885.0
42816.0
42683.0
42672.0
42661.0
42524.0
42427.0
42377.0
42337.0
42222.0
42156.0
42111.0
42067.0
42060.0
41987.0
41799.0
41566.0
41495.0
41481.0
41314.0
41108.0
41083.0
41019.0
40934.0
40930.0
40819.0
40785.0
40763.0
40562.0
40551.0
40547.0
40507.0
40450.0
40380.0
40352.0
40336.0
40292.0
40283.0
40280.0
40270.0
40258.0
40195.0
40036.0
39956.0
39900.0
39800.0
39546.0
39524.0
39336.0
39301.0
39282.0
39233.0
39140.0
39127.0
39058.0
39020.0
39018.0
38882.0
38798.0
38777.0
38712.0
38643.0
38636.0
38381.0
38374.0
38193.0
38066.0
38026.0
37882.0
37698.0
37626.0
37603.0
37588.0
37399.0
37315.0
37022.0
37018.0
36971.0
36755.0
36676.0
36486.0
36361.0
36156.0
35976.0
35908.0
35906.0
35902.0
35661.0
35545.0
35539.0
35385.0
35322.0
35081.0
35057.0
34960.0
34665.0
34348.0
34188.0
34166.0
34162.0
34107.0
33998.0
33991.0
33892.0
33872.0
33843.0
33836.0
33816.0
33756.0
33745.0
33713.0
33665.0
33556.0
33525.0
33524.0
33523.0
33379.0
33284.0
33244.0
33190.0
33136.0
33067.0
33062.0
32842.0
32836.0
32702.0
32611.0
32576.0
32438.0
32309.0
32225.0
32051.0
31940.0
31905.0
31834.0
31811.0
31700.0
31621.0
31591.0
31447.0
31346.0
31342.0
31189.0
30990.0
30983.0
30925.0
30884.0
30566.0
30436.0
30428.0
30365.0
30327.0
30253.0
30173.0
30167.0
29982.0
29953.0
29429.0
29363.0
29339.0
29265.0
29227.0
29100.0
29007.0
28917.0
28866.0
28806.0
28765.0
28709.0
28690.0
28633.0
28630.0
28541.0
28341.0
28147.0
28104.0
28059.0
27893.0
27888.0
27802.0
27746.0
27745.0
27739.0
27577.0
27544.0
27350.0
27227.0
27112.0
27074.0
27071.0
27003.0
26733.0
26681.0
26662.0
26620.0
26556.0
26381.0
26339.0
26327.0
26087.0
25751.0
25603.0
25468.0
25458.0
25372.0
25293.0
25228.0
25189.0
25187.0
25180.0
25103.0
25052.0
24950.0
24809.0
24506.0
24462.0
24428.0
24249.0
24246.0
23922.0
23855.0
23824.0
23751.0
23711.0
23708.0
23499.0
23146.0
23099.0
23045.0
22639.0
22340.0
22259.0
22183.0
22102.0
22100.0
22100.0
22092.0
22053.0
21983.0
21814.0
21791.0
21729.0
21637.0
21629.0
21367.0
21344.0
21244.0
21175.0
21102.0
21068.0
20871.0
20631.0
20620.0
20543.0
20288.0
20154.0
19990.0
19724.0
19610.0
19559.0
19053.0
18613.0
18609.0
18530.0
18454.0
18351.0
18286.0
18272.0
18219.0
18206.0
18186.0
18101.0
17512.0
16934.0
16742.0
16539.0
16526.0
16445.0
16342.0
16023.0
15697.0
15411.0
15382.0
15294.0
14907.0
13980.0
13970.0
13966.0
13853.0
13681.0
13388.0
13276.0
13101.0
12937.0
12853.0
12826.0
11716.0
9701.0
8547.0
